0 75
0 75
0 75
0 75
0 75
0 75
0 75
0 75
0 75
0 75
0 75
0 75
0 75
0 75
0 75
0 75
0 75
0 75
0 75
0 75
0 75
0 75
0 75
0 75
0 75
0 75
0 75
0 75
0 75
0 75
0 75
0 75
0 75
0 75
0 75
0 75
0 75
0 75
0 75
0 75
0 75
0 75
0 75
0 75
0 75
0 75
0 75
0 75
0 75
0 75
0 75
0 75
0 75
0 75
0 75
0 75
0 75
0 75
0 75
0 75
0 75
0 75
0 75
0 75
0 75
0 75
0 75
0 75
0 75
0 75
0 75
0 75
0 75
0 75
0 75
75 84
75 84
75 84
75 84
75 84
75 84
75 84
75 84
75 84
84 99
84 99
84 99
84 99
84 99
84 99
84 99
84 99
84 99
84 99
84 99
84 99
84 99
84 99
84 99
99 113
99 113
99 113
99 113
99 113
99 113
99 113
99 113
99 113
99 113
99 113
99 113
99 113
99 113
113 152
113 152
113 152
113 152
113 152
113 152
113 152
113 152
113 152
113 152
113 152
113 152
113 152
113 152
113 152
113 152
113 152
113 152
113 152
113 152
113 152
113 152
113 152
113 152
113 152
113 152
113 152
113 152
113 152
113 152
113 152
113 152
113 152
113 152
113 152
113 152
113 152
113 152
113 152
152 172
152 172
152 172
152 172
152 172
152 172
152 172
152 172
152 172
152 172
152 172
152 172
152 172
152 172
152 172
152 172
152 172
152 172
152 172
152 172
172 204
172 204
172 204
172 204
172 204
172 204
172 204
172 204
172 204
172 204
172 204
172 204
172 204
172 204
172 204
172 204
172 204
172 204
172 204
172 204
172 204
172 204
172 204
172 204
172 204
172 204
172 204
172 204
172 204
172 204
172 204
172 204
204 233
204 233
204 233
204 233
204 233
204 233
204 233
204 233
204 233
204 233
204 233
204 233
204 233
204 233
204 233
204 233
204 233
204 233
204 233
204 233
204 233
204 233
204 233
204 233
204 233
204 233
204 233
204 233
204 233
233 267
233 267
233 267
233 267
233 267
233 267
233 267
233 267
233 267
233 267
233 267
233 267
233 267
233 267
233 267
233 267
233 267
233 267
233 267
233 267
233 267
233 267
233 267
233 267
233 267
233 267
233 267
233 267
233 267
233 267
233 267
233 267
233 267
233 267
267 282
267 282
267 282
267 282
267 282
267 282
267 282
267 282
267 282
267 282
267 282
267 282
267 282
267 282
267 282
282 342
282 342
282 342
282 342
282 342
282 342
282 342
282 342
282 342
282 342
282 342
282 342
282 342
282 342
282 342
282 342
282 342
282 342
282 342
282 342
282 342
282 342
282 342
282 342
282 342
282 342
282 342
282 342
282 342
282 342
282 342
282 342
282 342
282 342
282 342
282 342
282 342
282 342
282 342
282 342
282 342
282 342
282 342
282 342
282 342
282 342
282 342
282 342
282 342
282 342
282 342
282 342
282 342
282 342
282 342
282 342
282 342
282 342
282 342
282 342
342 350
342 350
342 350
342 350
342 350
342 350
342 350
342 350
350 366
350 366
350 366
350 366
350 366
350 366
350 366
350 366
350 366
350 366
350 366
350 366
350 366
350 366
350 366
350 366
366 372
366 372
366 372
366 372
366 372
366 372
372 385
372 385
372 385
372 385
372 385
372 385
372 385
372 385
372 385
372 385
372 385
372 385
372 385
385 486
385 486
385 486
385 486
385 486
385 486
385 486
385 486
385 486
385 486
385 486
385 486
385 486
385 486
385 486
385 486
385 486
385 486
385 486
385 486
385 486
385 486
385 486
385 486
385 486
385 486
385 486
385 486
385 486
385 486
385 486
385 486
385 486
385 486
385 486
385 486
385 486
385 486
385 486
385 486
385 486
385 486
385 486
385 486
385 486
385 486
385 486
385 486
385 486
385 486
385 486
385 486
385 486
385 486
385 486
385 486
385 486
385 486
385 486
385 486
385 486
385 486
385 486
385 486
385 486
385 486
385 486
385 486
385 486
385 486
385 486
385 486
385 486
385 486
385 486
385 486
385 486
385 486
385 486
385 486
385 486
385 486
385 486
385 486
385 486
385 486
385 486
385 486
385 486
385 486
385 486
385 486
385 486
385 486
385 486
385 486
385 486
385 486
385 486
385 486
385 486
486 582
486 582
486 582
486 582
486 582
486 582
486 582
486 582
486 582
486 582
486 582
486 582
486 582
486 582
486 582
486 582
486 582
486 582
486 582
486 582
486 582
486 582
486 582
486 582
486 582
486 582
486 582
486 582
486 582
486 582
486 582
486 582
486 582
486 582
486 582
486 582
486 582
486 582
486 582
486 582
486 582
486 582
486 582
486 582
486 582
486 582
486 582
486 582
486 582
486 582
486 582
486 582
486 582
486 582
486 582
486 582
486 582
486 582
486 582
486 582
486 582
486 582
486 582
486 582
486 582
486 582
486 582
486 582
486 582
486 582
486 582
486 582
486 582
486 582
486 582
486 582
486 582
486 582
486 582
486 582
486 582
486 582
486 582
486 582
486 582
486 582
486 582
486 582
486 582
486 582
486 582
486 582
486 582
486 582
486 582
486 582
582 624
582 624
582 624
582 624
582 624
582 624
582 624
582 624
582 624
582 624
582 624
582 624
582 624
582 624
582 624
582 624
582 624
582 624
582 624
582 624
582 624
582 624
582 624
582 624
582 624
582 624
582 624
582 624
582 624
582 624
582 624
582 624
582 624
582 624
582 624
582 624
582 624
582 624
582 624
582 624
582 624
582 624
624 631
624 631
624 631
624 631
624 631
624 631
624 631
631 638
631 638
631 638
631 638
631 638
631 638
631 638
638 665
638 665
638 665
638 665
638 665
638 665
638 665
638 665
638 665
638 665
638 665
638 665
638 665
638 665
638 665
638 665
638 665
638 665
638 665
638 665
638 665
638 665
638 665
638 665
638 665
638 665
638 665
665 753
665 753
665 753
665 753
665 753
665 753
665 753
665 753
665 753
665 753
665 753
665 753
665 753
665 753
665 753
665 753
665 753
665 753
665 753
665 753
665 753
665 753
665 753
665 753
665 753
665 753
665 753
665 753
665 753
665 753
665 753
665 753
665 753
665 753
665 753
665 753
665 753
665 753
665 753
665 753
665 753
665 753
665 753
665 753
665 753
665 753
665 753
665 753
665 753
665 753
665 753
665 753
665 753
665 753
665 753
665 753
665 753
665 753
665 753
665 753
665 753
665 753
665 753
665 753
665 753
665 753
665 753
665 753
665 753
665 753
665 753
665 753
665 753
665 753
665 753
665 753
665 753
665 753
665 753
665 753
665 753
665 753
665 753
665 753
665 753
665 753
665 753
665 753
753 765
753 765
753 765
753 765
753 765
753 765
753 765
753 765
753 765
753 765
753 765
753 765
765 790
765 790
765 790
765 790
765 790
765 790
765 790
765 790
765 790
765 790
765 790
765 790
765 790
765 790
765 790
765 790
765 790
765 790
765 790
765 790
765 790
765 790
765 790
765 790
765 790
790 796
790 796
790 796
790 796
790 796
790 796
796 829
796 829
796 829
796 829
796 829
796 829
796 829
796 829
796 829
796 829
796 829
796 829
796 829
796 829
796 829
796 829
796 829
796 829
796 829
796 829
796 829
796 829
796 829
796 829
796 829
796 829
796 829
796 829
796 829
796 829
796 829
796 829
796 829
829 835
829 835
829 835
829 835
829 835
829 835
