0 10
0 10
0 10
0 10
0 10
0 10
0 10
0 10
0 10
0 10
10 18
10 18
10 18
10 18
10 18
10 18
10 18
10 18
18 27
18 27
18 27
18 27
18 27
18 27
18 27
18 27
18 27
27 35
27 35
27 35
27 35
27 35
27 35
27 35
27 35
35 42
35 42
35 42
35 42
35 42
35 42
35 42
42 48
42 48
42 48
42 48
42 48
42 48
48 56
48 56
48 56
48 56
48 56
48 56
48 56
48 56
56 62
56 62
56 62
56 62
56 62
56 62
62 152
62 152
62 152
62 152
62 152
62 152
62 152
62 152
62 152
62 152
62 152
62 152
62 152
62 152
62 152
62 152
62 152
62 152
62 152
62 152
62 152
62 152
62 152
62 152
62 152
62 152
62 152
62 152
62 152
62 152
62 152
62 152
62 152
62 152
62 152
62 152
62 152
62 152
62 152
62 152
62 152
62 152
62 152
62 152
62 152
62 152
62 152
62 152
62 152
62 152
62 152
62 152
62 152
62 152
62 152
62 152
62 152
62 152
62 152
62 152
62 152
62 152
62 152
62 152
62 152
62 152
62 152
62 152
62 152
62 152
62 152
62 152
62 152
62 152
62 152
62 152
62 152
62 152
62 152
62 152
62 152
62 152
62 152
62 152
62 152
62 152
62 152
62 152
62 152
62 152
152 193
152 193
152 193
152 193
152 193
152 193
152 193
152 193
152 193
152 193
152 193
152 193
152 193
152 193
152 193
152 193
152 193
152 193
152 193
152 193
152 193
152 193
152 193
152 193
152 193
152 193
152 193
152 193
152 193
152 193
152 193
152 193
152 193
152 193
152 193
152 193
152 193
152 193
152 193
152 193
152 193
193 209
193 209
193 209
193 209
193 209
193 209
193 209
193 209
193 209
193 209
193 209
193 209
193 209
193 209
193 209
193 209
209 246
209 246
209 246
209 246
209 246
209 246
209 246
209 246
209 246
209 246
209 246
209 246
209 246
209 246
209 246
209 246
209 246
209 246
209 246
209 246
209 246
209 246
209 246
209 246
209 246
209 246
209 246
209 246
209 246
209 246
209 246
209 246
209 246
209 246
209 246
209 246
209 246
246 261
246 261
246 261
246 261
246 261
246 261
246 261
246 261
246 261
246 261
246 261
246 261
246 261
246 261
246 261
261 271
261 271
261 271
261 271
261 271
261 271
261 271
261 271
261 271
261 271
271 278
271 278
271 278
271 278
271 278
271 278
271 278
278 301
278 301
278 301
278 301
278 301
278 301
278 301
278 301
278 301
278 301
278 301
278 301
278 301
278 301
278 301
278 301
278 301
278 301
278 301
278 301
278 301
278 301
278 301
301 330
301 330
301 330
301 330
301 330
301 330
301 330
301 330
301 330
301 330
301 330
301 330
301 330
301 330
301 330
301 330
301 330
301 330
301 330
301 330
301 330
301 330
301 330
301 330
301 330
301 330
301 330
301 330
301 330
330 360
330 360
330 360
330 360
330 360
330 360
330 360
330 360
330 360
330 360
330 360
330 360
330 360
330 360
330 360
330 360
330 360
330 360
330 360
330 360
330 360
330 360
330 360
330 360
330 360
330 360
330 360
330 360
330 360
330 360
360 366
360 366
360 366
360 366
360 366
360 366
366 372
366 372
366 372
366 372
366 372
366 372
372 416
372 416
372 416
372 416
372 416
372 416
372 416
372 416
372 416
372 416
372 416
372 416
372 416
372 416
372 416
372 416
372 416
372 416
372 416
372 416
372 416
372 416
372 416
372 416
372 416
372 416
372 416
372 416
372 416
372 416
372 416
372 416
372 416
372 416
372 416
372 416
372 416
372 416
372 416
372 416
372 416
372 416
372 416
372 416
416 434
416 434
416 434
416 434
416 434
416 434
416 434
416 434
416 434
416 434
416 434
416 434
416 434
416 434
416 434
416 434
416 434
416 434
434 440
434 440
434 440
434 440
434 440
434 440
440 447
440 447
440 447
440 447
440 447
440 447
440 447
447 473
447 473
447 473
447 473
447 473
447 473
447 473
447 473
447 473
447 473
447 473
447 473
447 473
447 473
447 473
447 473
447 473
447 473
447 473
447 473
447 473
447 473
447 473
447 473
447 473
447 473
473 485
473 485
473 485
473 485
473 485
473 485
473 485
473 485
473 485
473 485
473 485
473 485
485 582
485 582
485 582
485 582
485 582
485 582
485 582
485 582
485 582
485 582
485 582
485 582
485 582
485 582
485 582
485 582
485 582
485 582
485 582
485 582
485 582
485 582
485 582
485 582
485 582
485 582
485 582
485 582
485 582
485 582
485 582
485 582
485 582
485 582
485 582
485 582
485 582
485 582
485 582
485 582
485 582
485 582
485 582
485 582
485 582
485 582
485 582
485 582
485 582
485 582
485 582
485 582
485 582
485 582
485 582
485 582
485 582
485 582
485 582
485 582
485 582
485 582
485 582
485 582
485 582
485 582
485 582
485 582
485 582
485 582
485 582
485 582
485 582
485 582
485 582
485 582
485 582
485 582
485 582
485 582
485 582
485 582
485 582
485 582
485 582
485 582
485 582
485 582
485 582
485 582
485 582
485 582
485 582
485 582
485 582
485 582
485 582
582 620
582 620
582 620
582 620
582 620
582 620
582 620
582 620
582 620
582 620
582 620
582 620
582 620
582 620
582 620
582 620
582 620
582 620
582 620
582 620
582 620
582 620
582 620
582 620
582 620
582 620
582 620
582 620
582 620
582 620
582 620
582 620
582 620
582 620
582 620
582 620
582 620
582 620
620 643
620 643
620 643
620 643
620 643
620 643
620 643
620 643
620 643
620 643
620 643
620 643
620 643
620 643
620 643
620 643
620 643
620 643
620 643
620 643
620 643
620 643
620 643
643 653
643 653
643 653
643 653
643 653
643 653
643 653
643 653
643 653
643 653
653 660
653 660
653 660
653 660
653 660
653 660
653 660
660 668
660 668
660 668
660 668
660 668
660 668
660 668
660 668
668 676
668 676
668 676
668 676
668 676
668 676
668 676
668 676
676 685
676 685
676 685
676 685
676 685
676 685
676 685
676 685
676 685
685 693
685 693
685 693
685 693
685 693
685 693
685 693
685 693
693 719
693 719
693 719
693 719
693 719
693 719
693 719
693 719
693 719
693 719
693 719
693 719
693 719
693 719
693 719
693 719
693 719
693 719
693 719
693 719
693 719
693 719
693 719
693 719
693 719
693 719
719 735
719 735
719 735
719 735
719 735
719 735
719 735
719 735
719 735
719 735
719 735
719 735
719 735
719 735
719 735
719 735
735 759
735 759
735 759
735 759
735 759
735 759
735 759
735 759
735 759
735 759
735 759
735 759
735 759
735 759
735 759
735 759
735 759
735 759
735 759
735 759
735 759
735 759
735 759
735 759
759 777
759 777
759 777
759 777
759 777
759 777
759 777
759 777
759 777
759 777
759 777
759 777
759 777
759 777
759 777
759 777
759 777
759 777
777 840
777 840
777 840
777 840
777 840
777 840
777 840
777 840
777 840
777 840
777 840
777 840
777 840
777 840
777 840
777 840
777 840
777 840
777 840
777 840
777 840
777 840
777 840
777 840
777 840
777 840
777 840
777 840
777 840
777 840
777 840
777 840
777 840
777 840
777 840
777 840
777 840
777 840
777 840
777 840
777 840
777 840
777 840
777 840
777 840
777 840
777 840
777 840
777 840
777 840
777 840
777 840
777 840
777 840
777 840
777 840
777 840
777 840
777 840
777 840
777 840
777 840
777 840
840 880
840 880
840 880
840 880
840 880
840 880
840 880
840 880
840 880
840 880
840 880
840 880
840 880
840 880
840 880
840 880
840 880
840 880
840 880
840 880
840 880
840 880
840 880
840 880
840 880
840 880
840 880
840 880
840 880
840 880
840 880
840 880
840 880
840 880
840 880
840 880
840 880
840 880
840 880
840 880
880 921
880 921
880 921
880 921
880 921
880 921
880 921
880 921
880 921
880 921
880 921
880 921
880 921
880 921
880 921
880 921
880 921
880 921
880 921
880 921
880 921
880 921
880 921
880 921
880 921
880 921
880 921
880 921
880 921
880 921
880 921
880 921
880 921
880 921
880 921
880 921
880 921
880 921
880 921
880 921
880 921
921 953
921 953
921 953
921 953
921 953
921 953
921 953
921 953
921 953
921 953
921 953
921 953
921 953
921 953
921 953
921 953
921 953
921 953
921 953
921 953
921 953
921 953
921 953
921 953
921 953
921 953
921 953
921 953
921 953
921 953
921 953
921 953
